{
    "_frame": "realsense_ee",
    "_fx": 909.6129760742188,
    "_fy": 906.9354858398438,
    "_cx": 634.6744384765625,
    "_cy": 336.0297546386719,
    "_skew": 0.0,
    "_height": 720,
    "_width": 1280,
    "_K": 0.0
}